2.542
2.542
2.542
4.809
4.809
4.809
4.809
4.809
5.248
5.248
5.248
5.248
5.248
5.328
5.328
5.328
5.328
5.328
5.328
5.492
5.492
5.492
5.492
5.492
5.298
5.298
5.298
5.298
5.298
5.298
5.370
5.370
5.370
5.370
5.370
5.412
5.412
5.412
5.412
5.412
5.412
5.401
5.401
5.401
5.401
5.401
5.428
5.428
5.428
5.428
5.428
5.428
5.546
5.546
5.546
5.546
5.546
6.023
6.023
6.023
6.023
6.023
7.409
7.409
7.409
7.409
7.409
7.409
7.431
7.431
7.431
7.431
7.431
7.462
7.462
7.462
7.462
7.462
7.462
7.752
7.752
7.752
7.752
7.752
4.973
4.973
4.973
4.973
4.973
4.973
3.813
3.813
3.813
3.813
3.813
3.790
3.790
3.790
3.790
3.790
3.783
3.783
3.783
3.783
3.783
3.783
3.645
3.645
3.645
3.645
3.645
3.645
3.645
3.645
3.645
3.576
3.576
3.576
3.576
3.576
3.576
3.657
3.657
3.657
3.657
3.657
3.657
3.763
3.763
3.763
3.763
3.763
3.763
3.760
3.760
3.760
3.760
3.760
3.863
3.863
3.863
3.863
3.863
3.863
4.027
4.027
4.027
4.027
4.027
4.157
4.157
4.157
4.157
4.157
4.157
4.160
4.160
4.160
4.160
4.160
4.160
4.160
4.160
4.160
4.160
4.160
4.905
4.905
4.905
4.905
4.905
5.172
5.172
5.172
5.172
5.172
4.996
4.996
4.996
4.996
4.996
4.996
5.428
5.428
5.428
5.428
5.428
7.367
7.367
7.367
7.367
7.367
7.367
7.428
7.428
7.428
7.428
7.428
7.565
7.565
7.565
7.653
7.653
7.653
7.653
7.653
7.653
7.535
7.535
7.535
7.535
7.535
7.523
7.523
7.523
7.523
7.523
7.523
7.523
7.588
7.588
7.588
7.588
7.588
6.851
6.851
6.851
6.851
6.851
6.851
6.805
6.805
6.805
6.805
6.805
6.805
6.618
6.618
6.618
6.618
6.618
6.618
6.576
6.576
6.576
6.576
6.576
5.966
5.966
5.966
5.966
5.966
5.935
5.935
5.935
5.935
5.935
5.935
6.012
6.012
6.012
6.012
6.012
5.840
5.840
5.840
5.840
5.840
5.840
5.485
5.485
5.485
5.485
5.485
5.466
5.466
5.466
5.466
5.466
5.466
5.454
5.454
5.454
5.454
5.454
5.229
5.229
5.229
5.229
5.229
5.229
5.160
5.160
5.160
5.160
5.160
5.134
5.134
5.134
5.134
5.134
5.061
5.061
5.061
5.061
5.061
5.061
5.076
5.076
5.076
5.076
5.076
5.065
5.065
5.065
5.065
5.065
5.065
5.050
5.050
5.050
5.050
5.050
5.233
5.233
5.233
5.233
5.233
5.233
5.061
5.061
5.061
5.061
5.061
5.050
5.050
5.050
5.050
5.050
5.050
5.050
5.050
5.050
5.050
5.050
5.061
5.061
5.061
5.061
5.061
5.141
5.141
5.141
5.141
5.141
5.141
5.126
5.126
5.126
5.126
5.126
5.057
5.057
5.057
5.057
5.057
5.057
5.393
5.393
5.393
5.393
5.393
5.447
5.447
5.447
5.447
5.447
5.450
5.450
5.450
5.450
5.450
5.450
5.721
5.721
5.721
5.721
5.721
5.901
5.901
5.901
5.901
5.901
5.901
5.901
5.901
5.901
5.901
5.901
5.905
5.905
5.905
5.905
5.905
5.905
6.237
6.237
6.237
6.237
6.237
6.622
6.622
6.622
6.622
6.622
6.706
6.706
6.706
6.706
6.706
6.706
6.588
6.588
6.588
6.588
6.588
6.138
6.138
6.138
6.138
6.138
6.138
5.951
5.951
5.951
5.951
5.951
5.928
5.928
5.928
5.928
5.928
5.928
5.996
5.996
5.996
5.996
5.996
5.569
5.569
5.569
5.569
5.569
5.473
5.473
5.473
5.473
5.473
5.473
5.477
5.477
5.477
5.477
5.477
5.344
5.344
5.344
5.344
5.344
5.344
5.076
5.076
5.076
5.076
5.076
5.199
5.199
5.199
5.199
5.199
5.199
5.065
5.065
5.065
5.065
5.065
5.065
5.065
5.065
5.065
5.065
5.065
5.065
5.065
5.065
5.065
5.050
5.050
5.050
5.050
5.050
5.138
5.138
5.138
5.138
5.138
5.138
5.153
5.153
5.153
5.153
5.153
5.153
5.057
5.057
5.057
5.057
5.057
5.057
5.046
5.046
5.046
5.046
5.046
5.065
5.065
5.065
5.065
5.065
5.065
5.061
5.061
5.061
5.061
5.061
5.214
5.214
5.214
5.214
5.214
5.080
5.080
5.080
5.080
5.080
5.080
5.321
5.321
5.321
5.321
5.321
5.454
5.454
5.454
5.454
5.454
5.454
5.454
5.454
5.454
5.454
5.454
5.454
5.454
5.454
5.454
5.454
5.454
6.050
6.050
6.050
6.050
6.050
5.912
5.912
5.912
5.912
5.912
5.916
5.916
5.916
5.916
5.916
5.916
6.031
6.031
6.031
6.031
6.031
6.584
6.584
6.584
6.584
6.584
6.584
6.699
6.699
6.699
6.699
6.699
6.737
6.737
6.737
6.737
6.737
6.737
6.302
6.302
6.302
6.302
6.302
5.973
5.973
5.973
5.973
5.973
5.966
5.966
5.443
5.443
5.443
5.443
5.443
5.443
5.443
5.443
5.443
5.443
5.443
5.443
5.443
5.443
5.443
5.443
5.443
5.443
5.443
5.443
5.099
5.099
5.099
5.099
5.099
5.149
5.149
5.149
5.149
5.149
5.149
5.149
5.149
5.149
5.149
5.149
5.149
4.950
4.950
4.950
4.950
4.950
4.950
4.721
4.721
4.721
4.721
4.721
4.721
4.706
4.706
4.706
4.706
4.706
4.706
4.710
4.710
4.710
4.710
4.710
4.710
4.775
4.775
4.775
4.775
4.775
4.775
4.760
4.760
4.760
4.760
4.760
4.714
4.714
4.714
4.714
4.714
4.714
4.710
4.710
4.710
4.710
4.710
4.710
4.702
4.702
4.702
4.702
4.702
4.702
4.702
4.702
4.702
4.702
4.702
4.825
4.825
4.825
4.825
4.825
4.825
4.817
4.817
4.817
4.817
4.817
4.817
5.065
5.065
5.065
5.065
5.065
5.065
5.061
5.061
5.061
5.061
5.061
5.061
5.076
5.076
5.076
5.076
5.076
5.076
5.412
5.412
5.412
5.412
5.412
5.412
5.546
5.546
5.546
5.546
5.546
5.546
5.477
5.477
5.477
5.477
5.477
5.477
5.489
5.489
5.489
5.489
5.489
5.489
5.893
5.893
5.893
5.893
5.893
5.893
5.912
5.912
5.912
5.912
5.912
6.145
6.145
6.145
6.145
6.145
6.145
6.229
6.229
6.229
6.229
6.229
6.229
7.535
7.535
7.535
7.535
7.535
7.535
7.580
7.580
7.580
7.580
7.580
7.622
7.622
7.622
7.622
7.622
7.622
7.264
7.264
7.264
7.264
7.264
6.855
6.855
6.855
6.855
6.855
6.687
6.687
6.687
6.687
6.687
6.687
6.664
6.664
6.664
6.664
6.664
6.176
6.176
6.176
6.176
6.176
6.176
6.000
6.000
6.000
6.000
6.000
6.069
6.069
6.069
6.069
6.069
6.069
6.042
6.042
6.042
6.042
6.042
5.546
5.546
5.546
5.546
5.546
5.546
5.519
5.519
5.519
5.519
5.519
5.527
5.527
5.527
5.527
5.527
5.401
5.401
5.401
5.401
5.401
5.401
5.237
5.237
5.237
5.237
5.237
5.118
5.118
5.118
5.118
5.118
5.118
5.099
5.099
5.099
5.099
5.099
4.851
4.851
4.851
4.851
4.851
4.851
4.744
4.744
4.744
4.744
4.744
4.786
4.786
4.786
4.786
4.786
4.802
4.802
4.802
4.802
4.802
4.802
4.729
4.729
4.729
4.729
4.702
4.702
4.702
4.702
4.676
4.676
4.676
4.676
4.676
4.676
4.741
4.741
4.741
4.741
4.741
4.844
4.844
4.844
4.844
4.844
4.729
4.729
4.729
4.691
4.691
4.691
4.691
4.691
4.908
4.908
4.908
4.908
4.908
4.908
5.092
5.092
5.092
5.092
5.092
5.092
5.076
5.076
5.076
5.076
5.076
5.214
5.214
5.214
5.214
5.214
5.214
5.470
5.470
5.470
5.470
5.470
5.470
5.485
5.485
5.485
5.485
5.485
5.485
5.485
5.485
5.485
5.485
5.485
5.485
5.580
5.580
5.580
5.580
5.580
6.027
6.027
6.027
6.027
6.027
6.027
6.069
6.069
6.069
6.069
6.069
6.069
5.981
5.981
5.981
5.981
5.981
5.981
6.290
6.290
6.290
6.290
6.290
6.290
6.634
6.634
6.634
6.634
6.634
6.630
6.630
6.630
6.630
6.630
6.630
6.893
6.893
6.893
6.893
6.893
6.893
6.187
6.187
6.187
6.187
6.187
6.187
5.989
5.989
5.989
5.989
5.989
5.989
5.989
5.989
5.989
5.989
5.989
5.981
5.981
5.981
5.981
5.981
5.618
5.618
5.618
5.618
5.618
5.603
5.603
5.603
5.603
5.603
5.603
5.512
5.512
5.512
5.512
5.512
5.393
5.393
5.393
5.393
5.393
5.393
5.126
5.126
5.126
5.126
5.126
5.111
5.111
5.111
5.111
5.111
5.111
5.160
5.160
5.160
5.160
5.160
4.939
4.939
4.939
4.939
4.939
4.939
4.775
4.775
4.775
4.775
4.775
4.924
4.924
4.924
4.924
4.924
6.092
6.092
6.092
6.092
6.092
6.092
6.157
6.157
6.157
6.157
6.157
6.237
6.237
6.237
6.237
6.237
6.237
6.241
6.241
6.241
6.241
6.241
6.218
6.218
6.218
6.218
6.218
6.218
5.359
5.359
5.359
5.359
5.359
6.015
6.015
6.015
6.015
6.015
6.202
6.202
6.202
6.202
6.202
6.202
6.496
6.496
6.496
6.496
6.496
6.863
6.863
6.863
6.863
6.863
6.863
6.851
6.851
6.851
6.851
6.851
6.607
6.607
6.607
6.607
6.607
6.607
7.191
7.191
7.191
7.191
7.191
7.565
7.565
7.565
7.565
7.565
7.599
7.599
7.599
7.599
7.599
7.599
7.546
7.546
7.546
6.027
6.027
6.027
6.027
6.027
6.027
6.805
6.805
6.805
6.805
6.805
6.805
6.847
6.847
6.847
6.847
6.847
6.802
6.802
6.802
6.802
6.802
6.294
6.294
6.294
6.294
6.294
6.275
6.275
6.275
6.275
6.275
6.275
5.672
5.672
5.672
5.672
5.672
5.672
6.046
6.046
6.046
6.046
6.046
6.046
5.798
5.798
5.798
5.798
5.798
5.794
5.794
5.794
5.794
5.794
5.809
5.809
5.809
5.809
5.809
5.809
5.840
5.840
5.840
5.840
5.840
5.840
5.248
5.248
5.248
5.248
5.248
5.775
5.775
5.775
5.775
5.775
5.775
5.798
5.798
5.798
5.798
5.798
5.798
5.805
5.805
5.805
5.805
5.805
5.794
5.794
5.794
5.794
5.794
5.794
5.825
5.825
5.825
5.825
5.825
5.668
5.668
5.668
5.668
5.668
5.668
5.779
5.779
5.779
5.779
5.779
5.794
5.794
5.794
5.794
5.794
5.786
5.786
5.786
5.786
5.786
5.786
5.794
5.794
5.794
5.813
5.813
5.813
5.813
5.813
5.771
5.771
5.771
5.771
5.771
5.771
5.783
5.783
5.783
5.783
5.783
5.783
6.099
6.099
6.099
6.099
6.099
6.237
6.237
6.237
6.237
6.237
6.237
6.233
6.233
6.233
6.233
6.233
6.233
6.267
6.267
6.267
6.267
6.267
6.817
6.817
6.817
6.817
6.817
6.817
6.855
6.855
6.855
6.855
6.855
6.855
6.878
6.878
6.878
6.878
6.878
6.954
6.954
6.954
6.954
6.954
6.954
7.576
7.576
7.576
7.576
7.576
7.641
7.641
7.641
7.641
7.641
7.641
7.626
7.626
7.626
7.626
7.626
7.321
7.321
7.321
7.321
7.321
7.321
6.863
6.863
6.863
6.863
6.863
6.897
6.897
6.897
6.897
6.897
6.897
6.882
6.882
6.882
6.882
6.882
6.512
6.512
6.512
6.512
6.512
6.512
6.294
6.294
6.294
6.294
6.294
6.279
6.279
6.279
6.279
6.279
6.275
6.275
6.275
6.275
6.275
6.275
5.874
5.874
5.874
5.874
5.874
5.817
5.817
5.817
5.817
5.817
5.817
5.836
5.836
5.836
5.836
5.836
5.744
5.744
5.744
5.744
5.744
5.744
5.401
5.401
5.401
5.401
5.401
5.412
5.412
5.412
5.412
5.412
5.405
5.405
5.405
5.405
5.405
5.405
5.405
5.405
5.405
5.405
5.405
5.405
5.405
5.405
5.405
5.405
5.405
5.374
5.374
5.374
5.374
5.374
5.405
5.405
5.405
5.405
5.405
5.405
5.405
5.405
5.405
5.405
5.405
5.393
5.393
5.393
5.393
5.393
5.389
5.389
5.389
5.389
5.389
5.389
5.393
5.393
5.393
5.393
5.393
5.397
5.397
5.397
5.397
5.397
5.397
5.389
5.389
5.389
5.389
5.389
5.393
5.393
5.393
5.393
5.393
5.393
5.477
5.477
5.477
5.477
5.477
5.790
5.790
5.790
5.790
5.790
5.798
5.798
5.798
5.798
5.798
5.798
5.825
5.825
5.825
5.825
5.825
5.992
5.992
5.992
5.992
5.992
5.992
6.233
6.233
6.233
6.233
6.233
6.244
6.244
6.244
6.244
6.244
6.244
6.241
6.241
6.241
6.241
6.241
7.084
7.084
7.084
7.084
7.084
7.084
7.626
7.626
7.626
7.626
7.626
7.618
7.618
7.618
7.618
7.618
7.611
7.611
7.611
7.611
7.611
7.611
9.489
9.489
9.489
9.489
9.489
9.657
9.657
9.657
9.657
9.657
9.657
9.756
9.756
9.756
9.756
9.756
9.619
9.619
9.619
9.619
9.619
9.619
8.607
8.607
8.607
8.607
8.607
8.313
8.313
8.313
8.313
8.313
8.580
8.580
8.580
8.580
8.580
8.580
8.233
8.233
8.233
8.233
8.233
7.733
7.733
7.733
7.733
7.733
7.733
7.741
7.741
7.741
7.741
7.741
7.737
7.737
7.737
7.737
7.737
7.737
7.225
7.225
7.225
7.225
7.225
6.993
6.993
6.993
6.993
6.993
6.962
6.962
6.962
6.962
6.962
6.962
6.947
6.947
6.947
6.947
6.947
6.397
6.397
6.397
6.397
6.397
6.397
6.363
6.363
6.363
6.363
6.363
6.313
6.313
6.313
6.313
6.225
6.225
6.225
6.225
6.225
6.225
5.790
5.790
5.790
5.790
5.790
5.790
5.851
5.851
5.851
5.851
5.851
5.851
5.851
5.851
5.851
5.851
5.851
5.718
5.718
5.718
5.718
5.718
5.718
5.439
5.439
5.439
5.439
5.439
5.435
5.435
5.435
5.435
5.435
5.435
5.355
5.355
5.355
5.355
5.355
5.206
5.206
5.206
5.206
5.206
5.206
5.057
5.057
5.057
5.057
5.057
5.099
5.099
5.099
5.099
5.099
5.042
5.042
5.042
5.042
5.042
5.042
5.084
5.084
5.084
5.084
5.084
5.034
5.034
5.034
5.034
5.034
5.034
5.054
5.054
5.054
5.054
5.054
5.054
5.054
5.054
5.054
5.054
5.054
5.084
5.084
5.084
5.084
5.084
5.046
5.046
5.046
5.046
5.046
5.046
5.046
5.046
5.046
5.046
5.046
5.202
5.202
5.202
5.202
5.202
5.374
5.374
5.374
5.374
5.374
5.374
5.405
5.405
5.405
5.405
5.405
5.435
5.435
5.435
5.435
5.435
5.435
5.687
5.687
5.687
5.687
5.687
5.809
5.809
5.809
5.809
5.809
5.802
5.802
5.802
5.802
5.802
5.802
5.729
5.729
5.729
5.729
5.729
6.218
6.218
6.218
6.218
6.218
6.218
6.283
6.283
6.283
6.263
6.263
6.263
6.263
6.263
6.492
6.492
6.492
6.492
6.492
6.492
7.485
7.485
7.485
7.485
7.607
7.607
7.607
7.607
7.607
7.630
7.630
7.630
7.630
7.630
7.363
7.363
7.363
7.363
7.363
7.363
6.916
6.916
6.916
6.916
6.916
6.924
6.924
6.924
6.924
6.924
6.924
6.909
6.909
6.909
6.909
6.909
6.909
6.515
6.515
6.515
6.515
6.515
6.313
6.313
6.313
6.313
6.260
6.260
6.260
6.260
6.260
6.260
6.328
6.328
6.328
6.328
6.328
5.886
5.886
5.886
5.886
5.886
5.886
5.840
5.840
5.840
5.840
5.840
5.840
5.840
5.840
5.840
5.840
5.840
5.775
5.775
5.775
5.775
5.775
5.355
5.355
5.355
5.355
5.454
5.454
5.454
5.454
5.454
5.454
5.424
5.424
5.424
5.424
5.424
5.424
5.439
5.439
5.439
5.439
5.405
5.405
5.405
5.405
5.405
5.405
5.420
5.420
5.420
5.420
5.420
5.325
5.325
5.325
5.325
5.325
5.325
5.450
5.450
5.450
5.450
5.450
5.416
5.416
5.416
5.416
5.416
5.416
5.416
5.416
5.416
5.416
5.416
5.416
5.412
5.412
5.412
5.412
5.412
5.412
5.412
5.412
5.412
5.412
5.412
5.367
5.367
5.367
5.367
5.367
5.367
5.435
5.435
5.435
5.435
5.435
5.435
5.435
5.435
5.435
5.435
5.435
5.416
5.416
5.416
5.416
5.416
5.416
5.412
5.412
5.412
5.412
5.412
5.405
5.405
5.405
5.405
5.405
5.405
5.588
5.588
5.588
5.588
5.588
5.588
5.813
5.813
5.813
5.813
5.813
5.836
5.836
5.836
5.836
5.836
5.836
5.809
5.809
5.809
5.809
5.809
5.809
6.145
6.145
6.145
6.145
6.145
6.164
6.164
6.164
6.164
6.164
6.164
6.271
6.271
6.271
6.271
6.271
6.271
6.271
6.271
6.271
6.271
6.271
6.920
6.920
6.920
6.920
6.920
6.920
6.901
6.901
6.901
6.901
6.901
6.901
6.863
6.863
6.863
6.863
6.863
6.767
6.767
6.767
6.767
6.767
6.767
6.302
6.302
6.302
6.302
6.302
6.302
6.286
6.286
6.286
6.286
6.286
6.336
6.336
6.336
6.336
6.336
6.336
6.080
6.080
6.080
6.080
6.080
5.832
5.832
5.832
5.832
5.832
5.832
5.840
5.840
5.840
5.840
5.840
5.825
5.825
5.825
5.825
5.825
5.825
5.554
5.554
5.554
5.554
5.554
5.477
5.477
5.477
5.477
5.477
5.367
5.367
5.367
5.367
5.367
5.367
5.424
5.424
5.424
5.424
5.424
5.420
5.420
5.420
5.420
5.420
5.420
5.420
5.420
5.420
5.420
5.420
5.420
5.420
5.420
5.420
5.420
5.420
5.462
5.462
5.462
5.462
5.462
5.382
5.382
5.382
5.382
5.382
5.420
5.420
5.420
5.420
5.420
5.420
5.409
5.409
5.409
5.409
5.409
5.428
5.428
5.428
5.428
5.416
5.416
5.416
5.416
5.416
5.416
5.416
5.443
5.443
5.443
5.443
5.363
5.363
5.363
5.363
5.363
5.363
5.420
5.420
5.420
5.420
5.420
5.420
5.420
5.409
5.409
5.409
5.409
5.409
5.409
5.409
5.409
5.435
5.435
5.435
5.435
5.435
5.435
5.435
5.435
5.817
5.817
5.817
5.817
5.817
5.813
5.813
5.794
5.794
5.794
5.794
5.794
5.794
5.794
5.794
5.958
5.958
5.958
5.958
5.958
5.958
5.958
6.267
6.267
6.305
6.305
6.305
6.305
6.305
6.305
6.202
6.202
6.202
6.202
6.202
6.202
6.202
6.683
6.683
6.683
6.683
6.683
6.683
6.893
6.893
6.912
6.912
6.912
6.912
6.912
6.912
6.912
6.912
6.901
6.901
6.901
6.901
6.901
6.901
6.901
6.088
6.088
6.283
6.283
6.283
6.283
6.283
6.283
6.283
6.283
6.321
6.321
6.321
6.321
6.321
6.321
6.355
6.355
6.355
6.355
6.355
5.874
5.874
5.874
5.874
5.874
5.874
5.744
5.744
5.744
5.744
5.744
5.828
5.828
5.828
5.828
5.828
5.828
5.748
5.748
5.748
5.748
5.748
5.481
5.481
5.481
5.481
5.481
5.450
5.450
5.450
5.450
5.450
5.450
5.420
5.420
5.420
5.420
5.420
5.397
5.397
5.397
5.397
5.397
5.397
5.431
5.431
5.431
5.431
5.431
5.428
5.428
5.428
5.428
5.428
5.428
5.466
5.466
5.466
5.466
5.466
5.489
5.489
5.489
5.489
5.489
5.489
5.431
5.431
5.431
5.431
5.431
5.305
5.305
5.305
5.305
5.305
5.428
5.428
5.428
5.428
5.428
5.428
5.447
5.447
5.447
5.447
5.447
5.443
5.443
5.443
5.443
5.443
5.443
5.466
5.466
5.466
5.466
5.466
5.439
5.439
5.439
5.439
5.439
5.439
5.283
5.283
5.283
5.283
5.283
5.412
5.412
5.412
5.412
5.412
5.424
5.424
5.424
5.424
5.424
5.424
5.649
5.649
5.649
5.649
5.649
5.855
5.855
5.855
5.855
5.855
5.855
5.832
5.832
5.832
5.832
5.832
5.802
5.802
5.802
5.802
5.802
5.802
6.164
6.164
6.164
6.164
6.164
6.271
6.271
6.271
6.271
6.271
6.279
6.279
6.279
6.279
6.279
6.279
6.351
6.351
6.351
6.351
6.351
6.825
6.825
6.825
6.825
6.825
6.825
6.935
6.935
6.935
6.935
6.935
6.916
6.916
6.916
6.916
6.916
6.916
6.748
6.748
6.748
6.748
6.294
6.294
6.294
6.294
6.294
6.294
6.317
6.317
6.317
6.317
6.317
6.317
6.294
6.294
6.294
6.294
6.294
6.080
6.080
6.080
6.080
6.080
6.080
5.867
5.867
5.867
5.867
5.867
5.840
5.840
5.840
5.840
5.840
5.840
5.844
5.844
5.844
5.844
5.844
5.596
5.596
5.596
5.596
5.596
5.596
5.447
5.447
5.447
5.447
5.447
5.443
5.443
5.443
5.443
5.443
5.435
5.435
5.435
5.435
5.435
5.435
5.092
5.092
5.092
5.092
5.092
5.080
5.080
5.080
5.080
5.080
5.080
5.080
5.080
5.080
5.080
5.080
5.096
5.096
5.096
5.096
5.096
5.069
5.069
5.069
5.069
5.046
5.046
5.046
5.046
5.046
5.057
5.057
5.057
5.057
5.057
5.076
5.076
5.076
5.076
5.076
5.076
5.057
5.057
5.057
5.057
5.057
5.076
5.076
5.076
5.076
5.076
5.076
5.057
5.057
5.057
5.057
5.057
5.057
5.065
5.065
5.065
5.065
5.065
5.057
5.057
5.057
5.057
5.057
5.057
5.061
5.061
5.061
5.061
5.061
5.061
5.034
5.034
5.034
5.034
5.034
5.435
5.435
5.435
5.435
5.435
5.435
5.405
5.405
5.405
5.405
5.405
5.405
5.405
5.405
5.405
5.405
5.405
5.534
5.534
5.534
5.534
5.534
5.534
5.809
5.809
5.809
5.809
5.809
5.775
5.775
5.775
5.775
5.775
5.775
5.859
5.859
5.859
5.859
5.859
6.382
6.382
6.382
6.382
6.382
6.382
6.878
6.878
6.878
6.878
6.878
6.897
6.897
6.897
6.897
6.897
6.897
6.847
6.847
6.847
6.847
6.847
8.111
8.111
8.111
8.111
8.111
8.111
8.531
8.531
8.531
8.531
8.531
8.527
8.527
8.527
8.527
8.527
8.550
8.550
8.550
8.550
8.550
8.550
7.668
7.668
7.668
7.668
7.668
7.741
7.741
7.741
7.741
7.741
7.741
7.725
7.725
7.725
7.725
7.725
7.580
7.580
7.580
7.580
7.580
7.580
6.989
6.989
6.989
6.989
6.989
6.973
6.973
6.973
6.973
6.973
6.993
6.993
6.993
6.993
6.993
6.993
6.695
6.695
6.695
6.695
6.695
6.355
6.355
6.355
6.355
6.355
6.355
6.309
6.309
6.309
6.309
6.309
6.347
6.347
6.347
6.347
6.347
6.347
6.004
6.004
6.004
6.004
6.004
5.878
5.878
5.878
5.878
5.878
5.874
5.874
5.874
5.874
5.874
5.874
5.874
5.874
5.874
5.874
5.874
5.489
5.489
5.489
5.489
5.489
5.489
5.485
5.485
5.485
5.485
5.485
5.443
5.443
5.443
5.443
5.443
5.443
5.374
5.374
5.374
5.374
5.374
5.088
5.088
5.088
5.088
5.088
5.092
5.092
5.092
5.092
5.092
5.092
5.084
5.084
5.084
5.084
5.084
5.115
5.115
5.115
5.115
5.115
5.115
5.065
5.065
5.065
5.065
5.065
5.065
5.065
5.065
5.065
5.065
5.065
5.057
5.057
5.057
5.057
5.057
5.080
5.080
5.080
5.080
5.080
5.080
5.054
5.054
5.054
5.054
5.084
5.084
5.084
5.084
5.012
5.012
5.012
5.012
5.012
5.084
5.084
5.084
5.084
5.084
5.084
5.065
5.065
5.065
5.065
5.065
5.065
5.061
5.061
5.061
5.061
5.061
5.141
5.141
5.141
5.141
5.141
5.141
5.359
5.359
5.359
5.359
5.359
5.359
5.420
5.420
5.420
5.420
5.420
5.428
5.428
5.428
5.428
5.428
5.428
5.607
5.607
5.607
5.607
5.607
5.607
5.821
5.821
5.821
5.821
5.821
5.836
5.836
5.836
5.836
5.836
5.836
5.794
5.794
5.794
5.794
5.794
6.149
6.149
6.149
6.149
6.149
6.149
6.286
6.286
6.286
6.286
6.286
6.298
6.298
6.298
6.298
6.298
6.298
6.290
6.290
6.290
6.290
6.290
6.786
6.786
6.786
6.786
6.786
6.786
6.954
6.954
6.954
6.954
6.954
6.935
6.935
6.935
6.935
6.935
6.935
6.840
6.840
6.840
6.840
6.840
6.328
6.328
6.328
6.328
6.328
6.298
6.298
6.298
6.298
6.305
6.305
6.305
6.305
6.305
6.157
6.157
6.157
6.157
6.157
6.157
5.870
5.870
5.870
5.870
5.870
5.863
5.863
5.863
5.783
5.783
5.783
5.783
5.596
5.596
5.596
5.596
5.596
5.596
5.443
5.443
5.443
5.443
5.443
5.443
5.492
5.492
5.492
5.492
5.492
5.462
5.462
5.462
5.462
5.462
5.462
5.130
5.130
5.130
5.130
5.130
5.038
5.038
5.038
5.038
5.038
5.038
5.076
5.076
5.076
5.076
5.076
5.084
5.084
5.084
5.084
5.084
5.084
5.111
5.111
5.111
5.111
5.111
5.111
5.076
5.076
5.076
5.076
5.076
5.069
5.069
5.069
5.069
5.069
5.069
5.073
5.073
5.073
5.073
5.073
5.050
5.050
5.050
5.050
5.050
5.050
5.084
5.084
5.084
5.084
5.084
5.092
5.092
5.092
5.092
5.092
5.092
5.084
5.084
5.084
5.084
5.084
5.084
5.065
5.065
5.065
5.065
5.065
5.057
5.057
5.057
5.057
5.057
5.057
5.008
5.008
5.008
5.008
5.008
5.405
5.405
5.405
5.405
5.405
5.405
5.435
5.435
5.435
5.435
5.435
5.435
5.458
5.458
5.458
5.458
5.458
5.519
5.519
5.519
5.519
5.519
5.519
5.821
5.821
5.821
5.821
5.821
5.821
5.763
5.763
5.763
5.763
5.763
5.825
5.825
5.825
5.825
5.825
5.825
6.038
6.038
6.038
6.038
6.038
6.038
6.325
6.325
6.263
6.263
6.263
6.263
6.263
6.263
6.256
6.256
6.256
6.256
6.256
6.256
6.722
6.722
6.722
6.722
6.722
6.924
6.924
6.924
6.924
6.924
6.924
6.931
6.931
6.931
6.931
6.931
6.931
6.985
6.985
6.985
6.985
6.985
6.374
6.374
6.374
6.374
6.374
6.374
6.325
6.325
6.325
6.325
6.325
6.325
6.325
6.325
6.325
6.325
6.325
6.229
6.229
6.229
6.229
6.229
6.229
5.878
5.878
5.878
5.878
5.878
5.878
5.844
5.844
5.844
5.844
5.844
5.867
5.867
5.867
5.867
5.867
5.867
5.702
5.702
5.702
5.702
5.702
5.702
5.447
5.447
5.447
5.447
5.447
5.447
5.447
5.447
5.447
5.447
5.447
5.454
5.454
5.454
5.454
5.454
5.454
5.233
5.233
5.233
5.233
5.233
5.088
5.088
5.088
5.088
5.088
5.088
5.088
5.088
5.088
5.088
5.088
5.080
5.080
5.080
5.080
5.080
5.084
5.084
5.084
5.084
5.057
5.057
5.057
5.057
5.057
5.057
5.099
5.099
5.099
5.099
5.099
5.069
5.069
5.069
5.069
5.069
5.069
5.069
5.069
5.069
5.069
5.069
5.061
5.061
5.061
5.061
5.061
5.061
5.069
5.069
5.069
5.069
5.069
5.073
5.073
5.073
5.073
5.073
5.073
5.088
5.088
5.088
5.088
5.088
5.015
5.015
5.015
5.015
5.015
5.015
5.065
5.065
5.065
5.065
5.065
5.065
5.076
5.076
5.076
5.076
5.076
5.069
5.069
5.069
5.069
5.069
5.069
5.061
5.061
5.061
5.061
5.061
5.076
5.076
5.076
5.076
5.076
5.076
5.435
5.435
5.435
5.435
5.435
5.412
5.412
5.412
5.412
5.412
5.412
5.424
5.424
5.424
5.424
5.424
5.519
5.519
5.519
5.519
5.519
5.519
5.832
5.832
5.832
5.832
5.832
5.836
5.836
5.836
5.836
5.836
5.683
5.683
5.683
5.683
5.683
5.683
6.034
6.034
6.034
6.034
6.034
6.275
6.275
6.275
6.275
6.275
6.275
6.283
6.283
6.283
6.283
6.283
6.290
6.290
6.290
6.290
6.290
6.290
6.573
6.573
6.573
6.573
6.573
6.943
6.943
6.943
6.943
6.943
6.943
6.943
6.943
6.943
6.943
6.943
6.954
6.954
6.954
6.954
6.954
6.347
6.347
6.347
6.347
6.347
6.347
6.225
6.225
6.225
6.225
6.225
6.286
6.286
6.286
6.286
6.286
6.286
6.271
6.271
6.271
6.271
6.271
5.886
5.886
5.886
5.886
5.886
5.886
5.870
5.870
5.870
5.870
5.870
5.870
5.870
5.870
5.870
5.870
5.527
5.527
5.527
5.527
5.527
5.527
5.458
5.458
5.458
5.458
5.458
5.481
5.481
5.481
5.481
5.481
5.481
5.458
5.458
5.458
5.458
5.458
5.187
5.187
5.187
5.187
5.187
5.187
5.096
5.096
5.096
5.096
5.096
5.012
5.012
5.012
5.012
5.012
5.076
5.076
5.076
5.076
5.076
5.076
5.111
5.111
5.111
5.111
5.111
5.103
5.103
5.103
5.103
5.103
5.103
5.084
5.084
5.084
5.084
5.084
5.092
5.092
5.092
5.092
5.092
5.092
5.076
