2.542
2.542
2.542
4.809
4.809
4.809
4.809
4.809
5.248
5.248
5.248
5.248
5.248
5.328
5.328
5.328
5.328
5.328
5.328
5.492
5.492
5.492
5.492
5.492
5.298
5.298
5.298
5.298
5.298
5.298
5.370
5.370
5.370
5.370
5.370
5.412
5.412
5.412
5.412
5.412
5.412
5.401
5.401
5.401
5.401
5.401
5.428
5.428
5.428
5.428
5.428
5.428
5.546
5.546
5.546
5.546
5.546
6.023
6.023
6.023
6.023
6.023
7.409
7.409
7.409
7.409
7.409
7.409
7.431
7.431
7.431
7.431
7.431
7.462
7.462
7.462
7.462
7.462
7.462
7.752
7.752
7.752
7.752
7.752
4.973
4.973
4.973
4.973
4.973
4.973
3.813
3.813
3.813
3.813
3.813
3.790
3.790
3.790
3.790
3.790
3.783
3.783
3.783
3.783
3.783
3.783
3.645
3.645
3.645
3.645
3.645
3.645
3.645
3.645
3.645
3.576
3.576
3.576
3.576
3.576
3.576
3.657
3.657
3.657
3.657
3.657
3.657
3.763
3.763
3.763
3.763
3.763
3.763
3.760
3.760
3.760
3.760
3.760
3.863
3.863
3.863
3.863
3.863
3.863
4.027
4.027
4.027
4.027
4.027
4.157
4.157
4.157
4.157
4.157
4.157
4.160
4.160
4.160
4.160
4.160
4.160
4.160
4.160
4.160
4.160
4.160
4.905
4.905
4.905
4.905
4.905
5.172
5.172
5.172
5.172
5.172
4.996
4.996
4.996
4.996
4.996
4.996
5.428
5.428
5.428
5.428
5.428
7.367
7.367
7.367
7.367
7.367
7.367
7.428
7.428
7.428
7.428
7.428
7.565
7.565
7.565
7.653
7.653
7.653
7.653
7.653
7.653
7.535
7.535
7.535
7.535
7.535
7.523
7.523
7.523
7.523
7.523
7.523
7.523
7.588
7.588
7.588
7.588
7.588
6.851
6.851
6.851
6.851
6.851
6.851
6.805
6.805
6.805
6.805
6.805
6.805
6.618
6.618
6.618
6.618
6.618
6.618
6.576
6.576
6.576
6.576
6.576
5.966
5.966
5.966
5.966
5.966
5.935
5.935
5.935
5.935
5.935
5.935
6.012
6.012
6.012
6.012
6.012
5.840
5.840
5.840
5.840
5.840
5.840
5.485
5.485
5.485
5.485
5.485
5.466
5.466
5.466
5.466
5.466
5.466
5.454
5.454
5.454
5.454
5.454
5.229
5.229
5.229
5.229
5.229
5.229
5.160
5.160
5.160
5.160
5.160
5.134
5.134
5.134
5.134
5.134
5.061
5.061
5.061
5.061
5.061
5.061
5.076
5.076
5.076
5.076
5.076
5.065
5.065
5.065
5.065
5.065
5.065
5.050
5.050
5.050
5.050
5.050
5.233
5.233
5.233
5.233
5.233
5.233
5.061
5.061
5.061
5.061
5.061
5.050
5.050
5.050
5.050
5.050
5.050
5.050
5.050
5.050
5.050
5.050
5.061
5.061
5.061
5.061
5.061
5.141
5.141
5.141
5.141
5.141
5.141
5.126
5.126
5.126
5.126
5.126
5.057
5.057
5.057
5.057
5.057
5.057
5.393
5.393
5.393
5.393
5.393
5.447
5.447
5.447
5.447
5.447
5.450
5.450
5.450
5.450
5.450
5.450
5.721
5.721
5.721
5.721
5.721
5.901
5.901
5.901
5.901
5.901
5.901
5.901
5.901
5.901
5.901
5.901
5.905
5.905
5.905
5.905
5.905
5.905
6.237
6.237
6.237
6.237
6.237
6.622
6.622
6.622
6.622
6.622
6.706
6.706
6.706
6.706
6.706
6.706
6.588
6.588
6.588
6.588
6.588
6.138
6.138
6.138
6.138
6.138
6.138
5.951
5.951
5.951
5.951
5.951
5.928
5.928
5.928
5.928
5.928
5.928
5.996
5.996
5.996
5.996
5.996
5.569
5.569
5.569
5.569
5.569
5.473
5.473
5.473
5.473
5.473
5.473
5.477
5.477
5.477
5.477
5.477
5.344
5.344
5.344
5.344
5.344
5.344
5.076
5.076
5.076
5.076
5.076
5.199
5.199
5.199
5.199
5.199
5.199
5.065
5.065
5.065
5.065
5.065
5.065
5.065
5.065
5.065
5.065
5.065
5.065
5.065
5.065
5.065
5.050
5.050
5.050
5.050
5.050
5.138
5.138
5.138
5.138
5.138
5.138
5.153
5.153
5.153
5.153
5.153
5.153
5.057
5.057
5.057
5.057
5.057
5.057
5.046
5.046
5.046
5.046
5.046
5.065
5.065
5.065
5.065
5.065
5.065
5.061
5.061
5.061
5.061
5.061
5.214
5.214
5.214
5.214
5.214
5.080
5.080
5.080
5.080
5.080
5.080
5.321
5.321
5.321
5.321
5.321
5.454
5.454
5.454
5.454
5.454
5.454
5.454
5.454
5.454
5.454
5.454
5.454
5.454
5.454
5.454
5.454
5.454
6.050
6.050
6.050
6.050
6.050
5.912
5.912
5.912
5.912
5.912
5.916
5.916
5.916
5.916
5.916
5.916
6.031
6.031
6.031
6.031
6.031
6.584
6.584
6.584
6.584
6.584
6.584
6.699
6.699
6.699
6.699
6.699
6.737
6.737
6.737
6.737
6.737
6.737
6.302
6.302
6.302
6.302
6.302
5.973
5.973
5.973
5.973
5.973
5.966
5.966
5.443
5.443
5.443
5.443
5.443
5.443
5.443
5.443
5.443
5.443
5.443
5.443
5.443
5.443
5.443
5.443
5.443
5.443
5.443
5.443
5.099
5.099
5.099
5.099
5.099
5.149
5.149
5.149
5.149
5.149
5.149
5.149
5.149
5.149
5.149
5.149
5.149
4.950
4.950
4.950
4.950
4.950
4.950
4.721
4.721
4.721
4.721
4.721
4.721
4.706
4.706
4.706
4.706
4.706
4.706
4.710
4.710
4.710
4.710
4.710
4.710
4.775
4.775
4.775
4.775
4.775
4.775
4.760
4.760
4.760
4.760
4.760
4.714
4.714
4.714
4.714
4.714
4.714
4.710
4.710
4.710
4.710
4.710
4.710
4.702
4.702
4.702
4.702
4.702
4.702
4.702
4.702
4.702
4.702
4.702
4.825
4.825
4.825
4.825
4.825
4.825
4.817
4.817
4.817
4.817
4.817
4.817
5.065
5.065
5.065
5.065
5.065
5.065
5.061
5.061
5.061
5.061
5.061
5.061
5.076
5.076
5.076
5.076
5.076
5.076
5.412
5.412
5.412
5.412
5.412
5.412
5.546
5.546
5.546
5.546
5.546
5.546
5.477
5.477
5.477
5.477
5.477
5.477
5.489
5.489
5.489
5.489
5.489
5.489
5.893
5.893
5.893
5.893
5.893
5.893
5.912
5.912
5.912
5.912
5.912
6.145
6.145
6.145
6.145
6.145
6.145
6.229
6.229
6.229
6.229
6.229
6.229
7.535
7.535
7.535
7.535
7.535
7.535
7.580
7.580
7.580
7.580
7.580
7.622
7.622
7.622
7.622
7.622
7.622
7.264
7.264
7.264
7.264
7.264
6.855
6.855
6.855
6.855
6.855
6.687
6.687
6.687
6.687
6.687
6.687
6.664
6.664
6.664
6.664
6.664
6.176
6.176
6.176
6.176
6.176
6.176
6.000
6.000
6.000
6.000
6.000
6.069
6.069
6.069
6.069
6.069
6.069
6.042
6.042
6.042
6.042
6.042
5.546
5.546
5.546
5.546
5.546
5.546
5.519
5.519
5.519
5.519
5.519
5.527
5.527
5.527
5.527
5.527
5.401
5.401
5.401
5.401
5.401
5.401
5.237
5.237
5.237
5.237
5.237
5.118
5.118
5.118
5.118
5.118
5.118
5.099
5.099
5.099
5.099
5.099
4.851
4.851
4.851
4.851
4.851
4.851
4.744
4.744
4.744
4.744
4.744
4.786
4.786
4.786
4.786
4.786
4.802
4.802
4.802
4.802
4.802
4.802
4.729
4.729
4.729
4.729
4.702
4.702
4.702
4.702
4.676
4.676
4.676
4.676
4.676
4.676
4.741
4.741
4.741
4.741
4.741
4.844
4.844
4.844
4.844
4.844
4.729
4.729
4.729
4.691
4.691
4.691
4.691
4.691
4.908
4.908
4.908
4.908
4.908
4.908
5.092
5.092
5.092
5.092
5.092
5.092
5.076
5.076
5.076
5.076
5.076
5.214
5.214
5.214
5.214
5.214
5.214
5.470
5.470
5.470
5.470
5.470
5.470
5.485
5.485
5.485
5.485
5.485
5.485
5.485
5.485
5.485
5.485
5.485
5.485
5.580
5.580
5.580
5.580
5.580
6.027
6.027
6.027
6.027
6.027
6.027
6.069
6.069
6.069
6.069
6.069
6.069
5.981
5.981
5.981
5.981
5.981
5.981
6.290
6.290
6.290
6.290
6.290
6.290
6.634
6.634
6.634
6.634
6.634
6.630
6.630
6.630
6.630
6.630
6.630
6.893
6.893
6.893
6.893
6.893
6.893
6.187
6.187
6.187
6.187
6.187
6.187
5.989
5.989
5.989
5.989
5.989
5.989
5.989
5.989
5.989
5.989
5.989
5.981
5.981
5.981
5.981
5.981
5.618
5.618
5.618
5.618
5.618
5.603
5.603
5.603
5.603
5.603
5.603
5.512
5.512
5.512
5.512
5.512
5.393
5.393
5.393
5.393
5.393
5.393
5.126
5.126
5.126
5.126
5.126
5.111
5.111
5.111
5.111
5.111
5.111
5.160
5.160
5.160
5.160
5.160
4.939
4.939
4.939
4.939
4.939
4.939
4.775
4.775
4.775
4.775
4.775
4.924
4.924
4.924
4.924
4.924
6.092
6.092
6.092
6.092
6.092
6.092
6.157
6.157
6.157
6.157
6.157
6.237
6.237
6.237
6.237
6.237
6.237
6.241
6.241
6.241
6.241
6.241
6.218
6.218
6.218
6.218
6.218
6.218
5.359
5.359
5.359
5.359
5.359
6.015
6.015
6.015
6.015
6.015
6.202
6.202
6.202
6.202
6.202
6.202
6.496
6.496
6.496
6.496
6.496
6.863
6.863
6.863
6.863
6.863
6.863
6.851
6.851
6.851
6.851
6.851
6.607
6.607
6.607
6.607
6.607
6.607
7.191
7.191
7.191
7.191
7.191
7.565
7.565
7.565
7.565
7.565
7.599
7.599
7.599
7.599
7.599
7.599
7.546
7.546
7.546
6.027
6.027
6.027
6.027
6.027
6.027
6.805
6.805
6.805
6.805
6.805
6.805
6.847
6.847
6.847
6.847
6.847
6.802
6.802
6.802
6.802
6.802
6.294
6.294
6.294
6.294
6.294
6.275
6.275
6.275
6.275
6.275
6.275
5.672
5.672
5.672
5.672
5.672
5.672
6.046
6.046
6.046
6.046
6.046
6.046
5.798
5.798
5.798
5.798
5.798
5.794
5.794
5.794
5.794
5.794
5.809
5.809
5.809
5.809
5.809
5.809
5.840
5.840
5.840
5.840
5.840
5.840
5.248
5.248
5.248
5.248
5.248
5.775
5.775
5.775
5.775
5.775
5.775
5.798
5.798
5.798
5.798
5.798
5.798
5.805
5.805
5.805
5.805
5.805
5.794
5.794
5.794
5.794
5.794
5.794
5.825
5.825
5.825
5.825
5.825
5.668
5.668
5.668
5.668
5.668
5.668
5.779
5.779
5.779
5.779
5.779
5.794
5.794
5.794
5.794
5.794
5.786
5.786
5.786
5.786
5.786
5.786
5.794
5.794
5.794
5.813
5.813
5.813
5.813
5.813
5.771
5.771
5.771
5.771
5.771
5.771
5.783
5.783
5.783
5.783
5.783
5.783
6.099
6.099
6.099
6.099
6.099
6.237
6.237
6.237
6.237
6.237
6.237
6.233
6.233
6.233
6.233
6.233
6.233
6.267
6.267
6.267
6.267
6.267
6.817
6.817
6.817
6.817
6.817
6.817
6.855
6.855
6.855
6.855
6.855
6.855
6.878
6.878
6.878
6.878
6.878
6.954
6.954
6.954
6.954
6.954
6.954
7.576
7.576
7.576
7.576
7.576
7.641
7.641
7.641
7.641
7.641
7.641
7.626
7.626
7.626
7.626
7.626
7.321
7.321
7.321
7.321
7.321
7.321
6.863
6.863
6.863
6.863
6.863
6.897
6.897
6.897
6.897
6.897
6.897
6.882
6.882
6.882
6.882
6.882
6.512
6.512
6.512
6.512
6.512
6.512
6.294
6.294
6.294
6.294
6.294
6.279
6.279
6.279
6.279
6.279
6.275
6.275
6.275
6.275
6.275
6.275
5.874
5.874
5.874
5.874
5.874
5.817
5.817
5.817
5.817
5.817
5.817
5.836
5.836
5.836
5.836
5.836
5.744
5.744
5.744
5.744
5.744
5.744
5.401
5.401
5.401
5.401
5.401
5.412
5.412
5.412
5.412
5.412
5.405
5.405
5.405
5.405
5.405
5.405
5.405
5.405
5.405
5.405
5.405
5.405
5.405
5.405
5.405
5.405
5.405
5.374
5.374
5.374
5.374
5.374
5.405
5.405
5.405
5.405
5.405
5.405
5.405
5.405
5.405
5.405
5.405
5.393
5.393
5.393
5.393
5.393
5.389
5.389
5.389
5.389
5.389
5.389
5.393
5.393
5.393
5.393
5.393
5.397
5.397
5.397
5.397
5.397
5.397
5.389
5.389
5.389
5.389
5.389
5.393
5.393
5.393
5.393
5.393
5.393
5.477
5.477
5.477
5.477
5.477
5.790
5.790
5.790
5.790
5.790
5.798
5.798
5.798
5.798
5.798
5.798
5.825
5.825
5.825
5.825
5.825
5.992
5.992
5.992
5.992
5.992
5.992
6.233
6.233
6.233
6.233
6.233
6.244
6.244
6.244
6.244
6.244
6.244
6.241
6.241
6.241
6.241
6.241
7.084
7.084
7.084
7.084
7.084
7.084
7.626
7.626
7.626
7.626
7.626
7.618
7.618
7.618
7.618
7.618
7.611
7.611
7.611
7.611
7.611
7.611
9.489
9.489
9.489
9.489
9.489
9.657
9.657
9.657
9.657
9.657
9.657
9.756
9.756
9.756
9.756
9.756
9.619
9.619
9.619
9.619
9.619
9.619
8.607
8.607
8.607
8.607
8.607
8.313
8.313
8.313
8.313
8.313
8.580
8.580
8.580
8.580
8.580
8.580
8.233
8.233
8.233
8.233
8.233
7.733
7.733
7.733
7.733
7.733
7.733
7.741
7.741
7.741
7.741
7.741
7.737
7.737
7.737
7.737
7.737
7.737
7.225
7.225
7.225
7.225
7.225
6.993
6.993
6.993
6.993
6.993
6.962
6.962
6.962
6.962
6.962
6.962
6.947
6.947
6.947
6.947
6.947
6.397
6.397
6.397
6.397
6.397
6.397
6.363
6.363
6.363
6.363
6.363
6.313
6.313
6.313
6.313
6.225
6.225
6.225
6.225
6.225
6.225
5.790
5.790
5.790
5.790
5.790
5.790
5.851
5.851
5.851
5.851
5.851
5.851
5.851
5.851
5.851
5.851
5.851
5.718
5.718
5.718
5.718
5.718
5.718
5.439
5.439
5.439
5.439
5.439
5.435
5.435
5.435
5.435
5.435
5.435
5.355
5.355
5.355
5.355
5.355
5.206
5.206
5.206
5.206
5.206
5.206
5.057
5.057
5.057
5.057
5.057
5.099
5.099
5.099
5.099
5.099
5.042
5.042
5.042
5.042
5.042
5.042
5.084
5.084
5.084
5.084
5.084
5.034
5.034
5.034
5.034
5.034
5.034
5.054
5.054
5.054
5.054
5.054
5.054
5.054
5.054
5.054
5.054
5.054
5.084
5.084
5.084
5.084
5.084
5.046
5.046
5.046
5.046
5.046
5.046
5.046
5.046
5.046
5.046
5.046
5.202
5.202
5.202
5.202
5.202
5.374
5.374
5.374
5.374
5.374
5.374
5.405
5.405
5.405
5.405
5.405
5.435
5.435
5.435
5.435
5.435
5.435
5.687
5.687
5.687
5.687
5.687
5.809
5.809
5.809
5.809
5.809
5.802
5.802
5.802
5.802
5.802
5.802
5.729
5.729
5.729
5.729
5.729
6.218
6.218
6.218
6.218
6.218
6.218
6.283
6.283
6.283
6.263
6.263
6.263
6.263
6.263
6.492
6.492
6.492
6.492
6.492
6.492
7.485
7.485
7.485
7.485
7.607
7.607
7.607
7.607
7.607
7.630
7.630
7.630
7.630
7.630
7.363
7.363
7.363
7.363
7.363
7.363
6.916
6.916
6.916
6.916
6.916
6.924
6.924
6.924
6.924
6.924
6.924
6.909
6.909
6.909
6.909
6.909
6.909
6.515
6.515
6.515
6.515
6.515
6.313
6.313
6.313
6.313
6.260
6.260
6.260
6.260
6.260
6.260
6.328
6.328
6.328
6.328
6.328
5.886
5.886
5.886
5.886
5.886
5.886
5.840
5.840
5.840
5.840
5.840
5.840
5.840
5.840
5.840
5.840
5.840
5.775
5.775
5.775
5.775
5.775
5.355
5.355
5.355
5.355
5.454
5.454
5.454
5.454
5.454
5.454
5.424
5.424
5.424
5.424
5.424
5.424
5.439
5.439
5.439
5.439
5.405
5.405
5.405
5.405
5.405
5.405
5.420
5.420
5.420
5.420
5.420
5.325
5.325
5.325
5.325
5.325
5.325
5.450
5.450
5.450
5.450
5.450
5.416
5.416
5.416
5.416
5.416
5.416
5.416
5.416
5.416
5.416
5.416
5.416
5.412
5.412
5.412
5.412
5.412
5.412
5.412
5.412
5.412
5.412
5.412
5.367
5.367
5.367
5.367
5.367
5.367
5.435
5.435
5.435
5.435
5.435
5.435
5.435
5.435
5.435
5.435
5.435
5.416
5.416
5.416
5.416
5.416
5.416
5.412
5.412
5.412
5.412
5.412
5.405
5.405
5.405
5.405
5.405
5.405
5.588
5.588
5.588
5.588
5.588
5.588
5.813
5.813
5.813
5.813
5.813
5.836
5.836
5.836
5.836
5.836
5.836
5.809
5.809
5.809
5.809
5.809
5.809
6.145
6.145
6.145
6.145
6.145
6.164
6.164
6.164
6.164
6.164
6.164
6.271
6.271
6.271
6.271
6.271
6.271
6.271
6.271
6.271
6.271
6.271
6.920
6.920
6.920
6.920
6.920
6.920
6.901
6.901
6.901
6.901
6.901
6.901
6.863
6.863
6.863
6.863
6.863
6.767
6.767
6.767
6.767
6.767
6.767
6.302
6.302
6.302
6.302
6.302
6.302
6.286
6.286
6.286
6.286
6.286
6.336
6.336
6.336
6.336
6.336
6.336
6.080
6.080
6.080
6.080
6.080
5.832
5.832
5.832
5.832
5.832
5.832
5.840
5.840
5.840
5.840
5.840
5.825
5.825
5.825
5.825
5.825
5.825
5.554
5.554
5.554
5.554
5.554
5.477
5.477
5.477
5.477
5.477
5.367
5.367
5.367
5.367
5.367
5.367
5.424
5.424
5.424
5.424
5.424
5.420
5.420
5.420
5.420
5.420
5.420
5.420
5.420
5.420
5.420
5.420
5.420
5.420
5.420
5.420
5.420
5.420
5.462
5.462
5.462
5.462
5.462
5.382
5.382
5.382
5.382
5.382
5.420
5.420
5.420
5.420
5.420
5.420
5.409
5.409
5.409
5.409
5.409
5.428
5.428
5.428
5.428
5.416
5.416
5.416
5.416
5.416
5.416
5.416
5.443
5.443
5.443
5.443
5.363
5.363
5.363
5.363
5.363
5.363
5.420
5.420
5.420
5.420
5.420
5.420
5.420
5.409
5.409
5.409
5.409
5.409
5.409
5.409
5.409
5.435
5.435
5.435
5.435
5.435
5.435
5.435
5.435
5.817
5.817
5.817
5.817
5.817
5.813
5.813
5.794
5.794
5.794
5.794
5.794
5.794
5.794
5.794
5.958
5.958
5.958
5.958
5.958
5.958
5.958
6.267
6.267
6.305
6.305
6.305
6.305
6.305
6.305
6.202
6.202
6.202
6.202
6.202
6.202
6.202
6.683
6.683
6.683
6.683
6.683
6.683
6.893
6.893
6.912
6.912
6.912
6.912
6.912
6.912
6.912
6.912
6.901
6.901
6.901
6.901
6.901
6.901
6.901
6.088
6.088
6.283
6.283
6.283
6.283
6.283
6.283
6.283
6.283
6.321
6.321
6.321
6.321
6.321
6.321
6.355
6.355
6.355
6.355
6.355
5.874
5.874
5.874
5.874
5.874
5.874
5.744
5.744
5.744
5.744
5.744
5.828
5.828
5.828
5.828
5.828
5.828
5.748
5.748
5.748
5.748
5.748
5.481
5.481
5.481
5.481
5.481
5.450
5.450
5.450
5.450
5.450
5.450
5.420
5.420
5.420
5.420
5.420
5.397
5.397
5.397
5.397
5.397
5.397
5.431
5.431
5.431
5.431
5.431
5.428
5.428
5.428
5.428
5.428
5.428
5.466
5.466
5.466
5.466
5.466
5.489
5.489
5.489
5.489
5.489
5.489
5.431
5.431
5.431
5.431
5.431
5.305
5.305
5.305
5.305
5.305
5.428
5.428
5.428
5.428
5.428
5.428
5.447
5.447
5.447
5.447
5.447
5.443
5.443
5.443
5.443
5.443
5.443
5.466
5.466
5.466
5.466
5.466
5.439
5.439
5.439
5.439
5.439
5.439
5.283
5.283
5.283
5.283
5.283
5.412
5.412
5.412
5.412
5.412
5.424
5.424
5.424
5.424
5.424
5.424
5.649
5.649
5.649
5.649
5.649
5.855
5.855
5.855
5.855
5.855
5.855
5.832
5.832
5.832
5.832
5.832
5.802
5.802
5.802
5.802
5.802
5.802
6.164
6.164
6.164
6.164
6.164
6.271
6.271
6.271
6.271
6.271
6.279
6.279
6.279
6.279
6.279
6.279
6.351
6.351
6.351
6.351
6.351
6.825
6.825
6.825
6.825
6.825
6.825
6.935
6.935
6.935
6.935
6.935
6.916
6.916
6.916
6.916
6.916
6.916
6.748
6.748
6.748
6.748
6.294
6.294
6.294
6.294
6.294
6.294
6.317
6.317
6.317
6.317
6.317
6.317
6.294
6.294
6.294
6.294
6.294
6.080
6.080
6.080
6.080
6.080
6.080
5.867
5.867
5.867
5.867
5.867
5.840
5.840
5.840
5.840
5.840
5.840
5.844
5.844
5.844
5.844
5.844
5.596
5.596
5.596
5.596
5.596
5.596
5.447
5.447
5.447
5.447
5.447
5.443
5.443
5.443
5.443
5.443
5.435
5.435
5.435
5.435
5.435
5.435
5.092
5.092
5.092
5.092
5.092
5.080
5.080
5.080
5.080
5.080
5.080
5.080
5.080
5.080
5.080
5.080
5.096
5.096
5.096
5.096
5.096
5.069
5.069
5.069
5.069
5.046
5.046
5.046
5.046
5.046
5.057
5.057
5.057
5.057
5.057
5.076
5.076
5.076
5.076
5.076
5.076
5.057
5.057
5.057
5.057
5.057
5.076
5.076
5.076
5.076
5.076
5.076
5.057
5.057
5.057
5.057
5.057
5.057
5.065
5.065
5.065
5.065
5.065
5.057
5.057
5.057
5.057
5.057
5.057
5.061
5.061
5.061
5.061
5.061
5.061
5.034
5.034
5.034
5.034
5.034
5.435
5.435
5.435
5.435
5.435
5.435
5.405
5.405
5.405
5.405
5.405
5.405
5.405
5.405
5.405
5.405
5.405
5.534
5.534
5.534
5.534
5.534
5.534
5.809
5.809
5.809
5.809
5.809
5.775
5.775
5.775
5.775
5.775
5.775
5.859
5.859
5.859
5.859
5.859
6.382
6.382
6.382
6.382
6.382
6.382
6.878
6.878
6.878
6.878
6.878
6.897
6.897
6.897
6.897
6.897
6.897
6.847
6.847
6.847
6.847
6.847
8.111
8.111
8.111
8.111
8.111
8.111
8.531
8.531
8.531
8.531
8.531
8.527
8.527
8.527
8.527
8.527
8.550
8.550
8.550
8.550
8.550
8.550
7.668
7.668
7.668
7.668
7.668
7.741
7.741
7.741
7.741
7.741
7.741
7.725
7.725
7.725
7.725
7.725
7.580
7.580
7.580
7.580
7.580
7.580
6.989
6.989
6.989
6.989
6.989
6.973
6.973
6.973
6.973
6.973
6.993
6.993
6.993
6.993
6.993
6.993
6.695
6.695
6.695
6.695
6.695
6.355
6.355
6.355
6.355
6.355
6.355
6.309
6.309
6.309
6.309
6.309
6.347
6.347
6.347
6.347
6.347
6.347
6.004
6.004
6.004
6.004
6.004
5.878
5.878
5.878
5.878
5.878
5.874
5.874
5.874
5.874
5.874
5.874
5.874
5.874
5.874
5.874
5.874
5.489
5.489
5.489
5.489
5.489
5.489
5.485
5.485
5.485
5.485
5.485
5.443
5.443
5.443
5.443
5.443
5.443
5.374
5.374
5.374
5.374
5.374
5.088
5.088
5.088
5.088
5.088
5.092
5.092
5.092
5.092
5.092
5.092
5.084
5.084
5.084
5.084
5.084
5.115
5.115
5.115
5.115
5.115
5.115
5.065
5.065
5.065
5.065
5.065
5.065
5.065
5.065
5.065
5.065
5.065
5.057
5.057
5.057
5.057
5.057
5.080
5.080
5.080
5.080
5.080
5.080
5.054
5.054
5.054
5.054
5.084
5.084
5.084
5.084
5.012
5.012
5.012
5.012
5.012
5.084
5.084
5.084
5.084
5.084
5.084
5.065
5.065
5.065
5.065
5.065
5.065
5.061
5.061
5.061
5.061
5.061
5.141
5.141
5.141
5.141
5.141
5.141
5.359
5.359
5.359
5.359
5.359
5.359
5.420
5.420
5.420
5.420
5.420
5.428
5.428
5.428
5.428
5.428
5.428
5.607
5.607
5.607
5.607
5.607
5.607
5.821
5.821
5.821
5.821
5.821
5.836
5.836
5.836
5.836
5.836
5.836
5.794
5.794
5.794
5.794
5.794
6.149
6.149
6.149
6.149
6.149
6.149
6.286
6.286
6.286
6.286
6.286
6.298
6.298
6.298
6.298
6.298
6.298
6.290
6.290
6.290
6.290
6.290
6.786
6.786
6.786
6.786
6.786
6.786
6.954
6.954
6.954
6.954
6.954
6.935
6.935
6.935
6.935
6.935
6.935
6.840
6.840
6.840
6.840
6.840
6.328
6.328
6.328
6.328
6.328
6.298
6.298
6.298
6.298
6.305
6.305
6.305
6.305
6.305
6.157
6.157
6.157
6.157
6.157
6.157
5.870
5.870
5.870
5.870
5.870
5.863
5.863
5.863
5.783
5.783
5.783
5.783
5.596
5.596
5.596
5.596
5.596
5.596
5.443
5.443
5.443
5.443
5.443
5.443
5.492
5.492
5.492
5.492
5.492
5.462
5.462
5.462
5.462
5.462
5.462
5.130
5.130
5.130
5.130
5.130
5.038
5.038
5.038
5.038
5.038
5.038
5.076
5.076
5.076
5.076
5.076
5.084
5.084
5.084
5.084
5.084
5.084
5.111
5.111
5.111
5.111
5.111
5.111
5.076
5.076
5.076
5.076
5.076
5.069
5.069
5.069
5.069
5.069
5.069
5.073
5.073
5.073
5.073
5.073
5.050
5.050
5.050
5.050
5.050
5.050
5.084
5.084
5.084
5.084
5.084
5.092
5.092
5.092
5.092
5.092
5.092
5.084
5.084
5.084
5.084
5.084
5.084
5.065
5.065
5.065
5.065
5.065
5.057
5.057
5.057
5.057
5.057
5.057
5.008
5.008
5.008
5.008
5.008
5.405
5.405
5.405
5.405
5.405
5.405
5.435
5.435
5.435
5.435
5.435
5.435
5.458
5.458
5.458
5.458
5.458
5.519
5.519
5.519
5.519
5.519
5.519
5.821
5.821
5.821
5.821
5.821
5.821
5.763
5.763
5.763
5.763
5.763
5.825
5.825
5.825
5.825
5.825
5.825
6.038
6.038
6.038
6.038
6.038
6.038
6.325
6.325
6.263
6.263
6.263
6.263
6.263
6.263
6.256
6.256
6.256
6.256
6.256
6.256
6.722
6.722
6.722
6.722
6.722
6.924
6.924
6.924
6.924
6.924
6.924
6.931
6.931
6.931
6.931
6.931
6.931
6.985
6.985
6.985
6.985
6.985
6.374
6.374
6.374
6.374
6.374
6.374
6.325
6.325
6.325
6.325
6.325
6.325
6.325
6.325
6.325
6.325
6.325
6.229
6.229
6.229
6.229
6.229
6.229
5.878
5.878
5.878
5.878
5.878
5.878
5.844
5.844
5.844
5.844
5.844
5.867
5.867
5.867
5.867
5.867
5.867
5.702
5.702
5.702
5.702
5.702
5.702
5.447
5.447
5.447
5.447
5.447
5.447
5.447
5.447
5.447
5.447
5.447
5.454
5.454
5.454
5.454
5.454
5.454
5.233
5.233
5.233
5.233
5.233
5.088
5.088
5.088
5.088
5.088
5.088
5.088
5.088
5.088
5.088
5.088
5.080
5.080
5.080
5.080
5.080
5.084
5.084
5.084
5.084
5.057
5.057
5.057
5.057
5.057
5.057
5.099
5.099
5.099
5.099
5.099
5.069
5.069
5.069
5.069
5.069
5.069
5.069
5.069
5.069
5.069
5.069
5.061
5.061
5.061
5.061
5.061
5.061
5.069
5.069
5.069
5.069
5.069
5.073
5.073
5.073
5.073
5.073
5.073
5.088
5.088
5.088
5.088
5.088
5.015
5.015
5.015
5.015
5.015
5.015
5.065
5.065
5.065
5.065
5.065
5.065
5.076
5.076
5.076
5.076
5.076
5.069
5.069
5.069
5.069
5.069
5.069
5.061
5.061
5.061
5.061
5.061
5.076
5.076
5.076
5.076
5.076
5.076
5.435
5.435
5.435
5.435
5.435
5.412
5.412
5.412
5.412
5.412
5.412
5.424
5.424
5.424
5.424
5.424
5.519
5.519
5.519
5.519
5.519
5.519
5.832
5.832
5.832
5.832
5.832
5.836
5.836
5.836
5.836
5.836
5.683
5.683
5.683
5.683
5.683
5.683
6.034
6.034
6.034
6.034
6.034
6.275
6.275
6.275
6.275
6.275
6.275
6.283
6.283
6.283
6.283
6.283
6.290
6.290
6.290
6.290
6.290
6.290
6.573
6.573
6.573
6.573
6.573
6.943
6.943
6.943
6.943
6.943
6.943
6.943
6.943
6.943
6.943
6.943
6.954
6.954
6.954
6.954
6.954
6.347
6.347
6.347
6.347
6.347
6.347
6.225
6.225
6.225
6.225
6.225
6.286
6.286
6.286
6.286
6.286
6.286
6.271
6.271
6.271
6.271
6.271
5.886
5.886
5.886
5.886
5.886
5.886
5.870
5.870
5.870
5.870
5.870
5.870
5.870
5.870
5.870
5.870
5.527
5.527
5.527
5.527
5.527
5.527
5.458
5.458
5.458
5.458
5.458
5.481
5.481
5.481
5.481
5.481
5.481
5.458
5.458
5.458
5.458
5.458
5.187
5.187
5.187
5.187
5.187
5.187
5.096
5.096
5.096
5.096
5.096
5.012
5.012
5.012
5.012
5.012
5.076
5.076
5.076
5.076
5.076
5.076
5.111
5.111
5.111
5.111
5.111
5.103
5.103
5.103
5.103
5.103
5.103
5.084
5.084
5.084
5.084
5.084
5.092
5.092
5.092
5.092
5.092
5.092
5.076
2.615
2.615
2.615
2.615
2.615
2.615
5.275
5.275
5.275
5.275
5.275
5.069
5.069
5.069
5.069
5.069
5.069
5.183
5.183
5.183
5.183
5.183
5.225
5.225
5.225
5.225
5.225
5.199
5.199
5.199
5.199
5.199
5.199
5.695
5.695
5.695
5.695
5.695
8.947
8.947
8.947
8.947
8.947
8.947
10.37
10.37
10.37
10.37
10.37
10.51
10.51
10.51
10.51
10.51
10.51
8.500
8.500
8.500
8.500
8.500
11.06
11.06
11.06
11.06
11.06
9.607
9.607
9.607
9.607
9.607
11.11
11.11
11.11
11.11
11.11
11.11
10.96
10.96
10.96
10.96
10.96
9.168
9.168
9.168
9.168
9.168
9.168
10.57
10.57
10.57
10.57
10.57
10.57
10.00
10.00
10.00
10.00
10.00
10.01
10.01
10.01
10.01
10.01
11.08
11.08
11.08
11.08
11.08
11.08
8.813
8.813
8.813
8.813
8.813
11.77
11.77
11.77
11.77
11.77
11.77
9.813
9.813
9.813
9.813
9.813
10.11
10.11
10.11
10.11
10.11
10.11
10.74
10.74
10.74
10.74
10.74
9.840
9.840
9.840
9.840
9.840
10.28
10.28
10.28
10.28
10.28
10.28
12.31
12.31
12.31
12.31
12.31
9.206
9.206
9.206
9.206
9.206
9.206
10.92
10.92
10.92
10.92
10.92
5.031
5.031
5.031
5.031
5.031
5.031
4.489
4.489
4.489
4.489
4.489
4.405
4.405
4.405
4.405
4.405
4.489
4.489
4.489
4.489
4.489
4.489
4.210
4.210
4.210
4.210
4.210
4.195
4.195
4.195
4.195
4.195
4.195
4.275
4.275
4.275
4.275
4.275
3.962
3.962
3.962
3.962
3.962
3.962
4.210
4.210
4.210
4.210
4.210
4.210
4.210
4.210
4.210
4.210
4.370
4.370
4.370
4.370
4.370
4.370
4.347
4.347
4.347
4.347
4.347
4.294
4.294
4.294
4.496
4.496
4.496
4.496
4.496
4.496
4.672
4.672
4.672
4.672
4.672
4.966
4.966
4.966
4.966
4.966
5.424
5.424
5.424
5.851
5.851
5.851
5.851
5.851
5.851
5.653
5.653
5.653
5.653
5.653
7.954
7.954
7.954
7.954
7.954
7.954
8.118
8.118
8.118
8.118
8.118
8.118
7.134
7.134
7.134
7.134
7.134
10.18
10.18
10.18
10.18
10.18
10.18
9.863
9.863
9.863
9.863
9.863
9.863
10.29
10.29
10.29
10.29
10.29
10.29
10.75
10.75
10.75
10.75
10.75
10.75
8.912
8.912
8.912
8.912
8.912
8.966
8.966
8.966
8.966
8.966
8.966
8.928
8.928
8.928
8.928
8.928
8.928
7.630
7.630
7.630
7.630
7.630
8.359
8.359
8.359
8.359
8.283
8.283
8.283
8.283
8.283
7.420
7.420
7.420
7.420
7.420
7.420
8.584
8.584
8.584
8.584
6.542
6.542
6.542
6.542
6.542
6.989
6.989
6.989
6.989
6.989
7.313
7.313
7.313
7.313
7.313
7.313
6.416
6.416
6.416
6.416
6.416
6.416
7.027
7.027
7.027
7.027
7.027
6.790
6.790
6.790
6.790
6.790
6.790
5.912
5.912
5.912
5.912
5.912
5.912
7.012
7.012
7.012
7.012
7.012
6.489
6.489
6.489
6.489
6.489
6.489
6.504
6.504
6.504
6.504
6.504
6.504
6.916
6.916
6.916
6.916
6.916
6.916
6.096
6.096
6.096
6.096
6.096
6.096
6.847
6.847
6.847
6.847
6.847
7.290
7.290
7.290
7.290
7.290
7.290
6.103
6.103
6.103
6.103
6.103
6.103
6.836
6.836
6.836
6.836
6.836
6.836
6.695
6.695
6.695
6.695
6.695
6.416
6.416
6.416
6.416
6.416
6.416
7.596
7.596
7.596
7.596
7.596
7.596
6.588
6.588
6.588
6.588
6.588
6.588
7.412
7.412
7.412
7.412
7.412
7.622
7.622
7.622
7.622
7.622
7.363
7.363
7.363
7.363
7.363
7.363
8.107
8.107
8.107
8.107
8.107
7.435
7.435
7.435
7.435
7.435
7.435
7.794
7.794
7.794
7.794
7.794
7.481
7.481
7.481
7.481
7.481
7.481
6.596
6.596
6.596
6.596
6.596
7.397
7.397
7.397
7.397
7.397
7.386
7.386
7.386
7.386
7.386
7.386
6.252
6.252
6.252
6.252
6.252
6.664
6.664
6.664
6.664
6.664
6.664
6.702
6.702
6.702
6.702
6.702
5.386
5.386
5.386
5.386
5.386
5.386
6.286
6.286
6.286
6.286
6.286
6.145
6.145
6.145
6.145
6.145
5.489
5.489
5.489
5.489
5.489
5.489
6.111
6.111
6.111
6.111
6.111
6.424
6.424
6.424
6.424
6.424
6.424
5.034
5.034
5.034
5.034
5.034
6.263
6.263
6.263
6.263
6.263
6.263
6.096
6.096
6.096
6.096
6.096
5.630
5.630
5.630
5.630
5.630
5.977
5.977
5.977
5.977
5.977
5.977
6.443
6.443
6.443
6.443
5.943
5.943
5.943
5.943
5.943
5.943
5.943
6.546
6.546
6.599
6.599
6.599
6.599
6.599
6.599
6.599
6.599
6.512
6.512
6.512
6.512
6.512
6.512
7.554
7.054
7.054
7.054
7.054
7.054
7.054
7.054
7.054
7.023
7.023
7.023
7.023
7.023
7.023
7.023
8.775
8.775
8.775
8.775
8.775
8.775
7.336
7.336
8.038
8.038
8.038
8.038
8.038
8.038
8.038
8.622
8.622
8.622
8.622
8.622
8.622
8.622
7.840
7.840
7.840
7.840
7.840
7.840
9.008
9.008
9.164
9.164
9.164
9.164
9.164
9.164
9.164
9.164
7.435
7.435
7.435
7.435
7.435
7.435
7.855
7.855
8.424
8.424
8.424
8.424
8.424
8.424
8.424
8.424
8.424
7.660
7.660
7.660
7.660
7.660
7.660
7.660
7.660
6.561
6.561
6.561
6.561
6.561
6.561
6.561
6.561
7.103
7.103
7.103
7.103
7.103
7.565
7.565
7.565
7.565
7.565
7.565
6.076
6.076
6.076
6.076
6.076
6.985
6.985
6.985
6.985
6.985
6.985
6.706
6.706
6.706
6.706
6.706
5.916
5.916
5.916
5.916
5.916
5.916
6.397
6.397
6.397
6.397
6.397
5.981
5.981
5.981
5.981
5.981
5.325
5.325
5.325
5.325
5.325
5.325
6.370
6.370
6.370
6.370
6.370
6.050
6.050
6.050
6.050
6.050
6.050
5.611
5.611
5.611
5.611
5.611
6.313
6.313
6.313
6.313
6.313
6.313
6.099
6.099
6.099
6.099
6.099
5.534
5.534
5.534
5.534
5.534
6.084
6.084
6.084
6.084
6.084
6.084
6.157
6.157
6.157
6.157
6.157
5.580
5.580
5.580
5.580
5.580
5.580
6.042
6.042
6.042
6.042
6.042
6.374
6.374
6.374
6.374
6.374
6.374
6.046
6.046
6.046
6.046
6.046
6.763
6.763
6.763
6.763
6.763
6.660
6.660
6.660
6.660
6.660
6.660
6.202
6.202
6.202
6.202
6.202
7.584
7.584
7.584
7.584
7.584
7.584
6.420
6.420
6.420
6.420
6.420
7.699
7.699
7.699
7.699
7.699
7.699
7.546
7.546
7.546
7.546
7.546
6.943
6.943
6.943
6.943
6.943
6.943
8.748
8.748
8.748
8.748
8.748
7.374
7.374
7.374
7.374
7.374
8.035
8.035
8.035
8.035
8.035
8.035
7.691
7.691
7.691
7.691
7.691
6.500
6.500
6.500
6.500
6.500
6.500
7.305
7.305
7.111
7.111
7.111
7.111
7.111
7.111
6.103
6.103
6.103
6.103
6.103
6.103
7.057
7.057
7.057
7.057
7.057
7.057
6.554
6.554
6.554
6.554
6.554
5.928
5.928
5.928
5.928
5.928
5.928
6.042
6.042
6.042
6.042
6.042
5.794
5.794
5.794
5.794
5.794
5.794
6.015
6.015
6.015
6.015
6.015
6.015
6.355
6.355
6.355
6.355
6.355
6.355
5.550
5.550
5.550
5.550
5.550
6.054
6.054
6.054
6.054
6.054
6.054
6.485
6.485
6.485
5.447
5.447
5.447
5.447
5.447
5.447
6.054
6.054
6.054
6.054
6.298
6.298
6.298
6.298
6.298
5.618
5.618
5.618
5.618
5.618
5.618
6.263
6.263
6.023
6.023
6.023
6.023
6.023
6.023
5.542
5.542
5.542
5.542
5.542
5.542
6.760
6.760
6.760
6.641
6.641
6.641
6.641
6.653
6.653
6.653
6.653
6.653
6.958
6.958
6.958
6.958
6.958
6.958
6.729
6.729
6.729
6.729
6.729
7.653
7.653
7.653
7.653
7.653
7.653
6.981
6.981
6.981
6.981
6.981
6.981
7.237
7.237
7.237
7.237
7.237
7.237
6.825
6.825
6.825
6.825
6.825
5.992
5.992
5.992
5.992
5.992
5.992
6.534
6.534
6.534
6.534
6.534
6.534
6.325
6.325
6.325
6.325
6.325
5.500
5.500
5.500
5.500
5.500
5.500
6.027
6.027
6.027
6.027
6.027
6.027
6.149
6.149
6.149
6.149
6.149
6.149
5.721
5.721
5.721
5.721
5.721
5.554
5.554
5.554
5.554
5.554
5.554
5.763
5.763
5.763
5.763
5.763
5.630
5.630
5.630
5.630
5.630
5.630
5.237
5.237
5.237
5.237
5.237
5.237
5.622
5.622
5.622
5.622
5.622
5.611
5.611
5.611
5.611
5.611
5.611
5.332
5.332
5.332
5.332
5.332
5.332
5.672
5.672
5.672
5.672
5.672
5.702
5.702
5.702
5.702
5.702
5.702
5.336
5.336
5.336
5.336
5.336
5.336
6.065
6.065
6.065
6.065
6.065
6.355
6.355
6.355
6.355
6.355
6.355
5.905
5.905
5.905
5.905
5.905
5.905
6.214
6.214
6.214
6.214
6.214
7.080
7.080
7.080
7.080
7.080
7.080
6.283
6.283
6.283
6.283
6.283
6.283
6.931
6.931
6.931
6.931
6.931
6.882
6.882
6.882
6.882
6.882
6.882
7.199
7.199
7.199
7.199
7.199
7.199
7.779
7.779
7.779
7.779
7.779
6.710
6.710
6.710
6.710
6.710
6.710
8.519
8.519
8.519
8.519
8.519
8.519
9.466
9.466
9.466
9.466
9.466
9.466
8.714
8.714
8.714
8.714
8.714
8.714
8.947
8.947
8.947
8.947
8.947
8.168
8.168
8.168
8.168
8.168
8.168
8.435
8.435
8.435
8.435
8.435
8.802
8.802
8.802
8.802
8.802
7.294
7.294
7.294
7.294
7.294
7.294
7.672
7.672
7.672
7.672
7.672
7.122
7.122
7.122
7.122
7.122
7.122
6.951
6.951
6.951
6.951
6.951
7.134
7.134
7.134
7.134
7.134
7.134
6.748
6.748
6.748
6.748
6.748
6.275
6.275
6.275
6.275
6.275
6.867
6.867
6.867
6.867
6.027
6.027
6.027
6.027
6.027
6.027
6.084
6.084
6.084
6.084
6.084
6.084
5.962
5.962
5.962
5.962
5.962
5.935
5.935
5.935
5.935
5.935
5.935
5.912
5.912
5.912
5.912
5.912
5.912
5.954
5.954
5.954
5.954
5.954
5.328
5.328
5.328
5.328
5.328
5.328
5.828
5.828
5.828
5.828
5.828
5.534
5.534
5.534
5.534
5.534
5.534
5.420
5.420
5.420
5.420
5.420
5.741
5.741
5.741
5.741
5.741
5.741
5.809
5.809
5.809
5.809
5.809
5.416
5.416
5.416
5.416
5.416
5.588
5.588
5.588
5.588
5.588
5.588
5.779
5.779
5.779
5.779
5.779
5.596
5.596
5.596
5.596
5.596
5.596
5.252
5.252
5.252
5.252
5.252
5.748
5.748
5.748
5.748
5.748
5.748
5.779
5.779
5.779
5.779
5.779
5.733
5.733
5.733
5.733
5.733
5.733
6.069
6.069
6.069
6.069
6.069
5.996
5.996
5.996
5.996
5.996
6.042
6.042
6.042
6.042
6.042
6.790
6.790
6.790
6.790
6.790
6.214
6.214
6.214
6.214
6.214
6.557
6.557
6.557
6.886
6.886
6.886
6.886
6.886
6.741
6.741
6.741
6.741
6.741
6.741
7.706
7.706
7.706
7.706
7.706
7.706
7.473
7.473
7.473
7.473
7.473
7.473
6.550
6.550
6.550
6.550
6.550
6.699
6.699
6.699
6.699
6.699
6.699
6.382
6.382
6.382
6.382
6.382
6.382
7.225
7.225
7.225
7.225
7.225
6.321
6.321
6.321
6.321
6.321
6.321
5.763
5.763
5.763
5.763
5.763
5.763
6.172
6.172
6.172
6.172
6.172
5.958
5.958
5.958
5.958
5.958
5.958
5.794
5.794
5.794
5.794
5.794
5.794
6.027
6.027
6.027
6.027
6.027
6.027
5.283
5.283
5.283
5.283
5.283
5.714
5.267
5.267
5.267
5.267
5.267
5.267
5.267
5.267
5.267
5.267
5.267
5.267
5.267
5.267
5.267
5.267
5.867
5.867
5.867
5.867
5.867
5.504
5.504
5.504
5.504
5.504
5.504
5.672
5.672
5.672
5.672
5.672
5.771
5.771
5.771
5.771
5.771
5.771
5.221
5.221
5.221
5.221
5.221
5.626
5.626
5.626
5.626
5.626
5.626
5.439
5.439
5.439
5.439
5.439
5.412
5.412
5.412
5.412
5.412
5.771
5.771
5.771
5.771
5.771
5.771
6.168
6.168
6.168
6.168
6.168
5.775
5.775
5.775
5.775
5.775
5.775
6.202
6.202
6.202
6.202
6.202
6.416
6.416
6.416
6.416
6.416
6.416
6.290
6.290
6.290
6.290
6.290
6.722
6.722
6.722
6.722
6.722
6.302
6.302
6.302
6.302
6.302
6.302
7.248
7.248
7.248
7.248
7.248
7.248
7.248
7.248
7.248
7.248
7.248
6.802
6.802
6.802
6.802
6.802
7.725
7.725
7.725
7.725
7.725
7.725
9.641
9.641
9.641
9.641
9.641
8.367
8.367
8.367
8.367
8.367
9.080
9.080
9.080
9.080
9.080
9.080
9.080
9.080
9.080
9.080
9.080
7.470
7.470
7.470
7.470
7.470
7.470
8.237
8.237
8.237
8.237
8.237
8.038
8.038
8.038
8.038
8.038
8.038
7.733
7.733
7.733
7.733
7.733
8.035
8.035
8.035
8.035
8.035
6.733
6.733
6.733
6.733
6.733
6.733
7.431
7.431
7.431
7.431
7.431
7.023
7.023
7.023
7.023
7.023
7.023
6.118
6.118
6.118
6.641
6.641
6.641
6.641
6.641
6.641
6.451
6.451
6.451
6.451
6.451
6.451
5.916
5.916
5.916
5.916
5.916
6.031
6.031
6.031
6.031
6.397
6.397
6.397
6.397
6.397
6.397
5.412
5.412
5.412
5.412
5.412
5.412
5.576
5.576
5.576
5.576
5.576
5.576
5.660
5.660
5.660
5.660
5.660
5.351
5.351
5.351
5.351
5.351
5.351
5.668
5.668
5.668
5.668
5.668
5.668
5.737
5.737
5.737
5.737
5.737
5.596
5.596
5.596
5.596
5.596
5.596
5.477
5.477
5.477
5.477
5.477
5.477
5.996
5.996
5.996
5.996
5.996
5.821
5.821
5.821
5.821
5.821
5.821
5.405
5.405
5.405
5.405
5.405
5.702
5.702
5.702
5.702
5.702
5.702
5.729
5.729
5.729
5.729
5.729
5.267
5.267
5.267
5.267
5.267
5.622
5.622
5.622
5.622
5.622
5.622
6.168
6.168
6.168
6.168
6.168
5.813
5.813
5.813
5.813
5.813
5.813
6.332
6.332
6.332
6.332
6.332
6.286
6.286
6.286
6.286
6.286
6.286
6.347
6.347
6.347
6.347
6.347
6.599
6.599
6.599
6.599
6.599
6.603
6.603
6.603
6.603
6.603
6.603
6.351
6.351
6.351
6.351
6.351
7.912
7.912
7.912
7.912
7.912
7.912
6.943
6.943
6.943
6.943
6.943
7.668
7.668
7.668
7.668
7.668
7.668
7.546
7.546
7.546
7.546
7.546
6.076
6.076
6.076
6.076
6.076
6.076
6.557
6.557
6.557
6.557
6.557
7.180
7.180
7.180
7.180
7.180
5.867
5.867
5.867
5.867
5.867
6.313
6.313
6.313
6.313
6.313
6.313
6.164
6.164
6.164
6.164
6.164
6.164
5.798
5.798
5.798
5.798
5.798
5.714
5.714
5.714
5.714
5.714
5.714
5.996
5.996
5.996
5.996
5.996
5.573
5.573
5.573
5.573
5.573
5.893
5.893
5.893
5.893
5.893
5.893
5.351
5.351
5.351
5.351
5.351
4.840
4.840
4.840
4.840
4.840
4.840
5.168
5.168
5.168
5.168
5.168
5.202
5.202
5.202
5.202
5.202
5.202
5.065
5.065
5.065
5.065
5.065
5.050
5.050
5.050
5.050
5.050
5.458
5.458
5.458
5.458
5.458
5.458
5.512
5.512
5.512
5.512
5.512
5.096
5.096
5.096
5.096
5.096
5.584
5.584
5.584
5.584
5.584
5.584
5.458
5.458
5.458
5.458
5.458
5.458
4.886
4.886
4.886
4.886
4.886
5.206
5.206
5.206
5.206
5.206
5.256
5.256
5.256
5.256
5.256
5.374
5.374
5.374
5.374
5.374
5.607
5.607
5.607
5.607
5.607
5.607
5.977
5.977
5.977
5.977
5.977
5.977
5.286
5.286
5.286
5.286
5.286
5.286
5.733
5.733
5.733
5.733
5.733
6.397
6.397
6.397
6.397
6.397
6.397
5.596
5.596
5.596
5.596
5.596
6.267
6.267
6.267
6.267
6.267
6.722
6.722
6.722
6.722
6.722
6.722
5.962
5.962
5.962
5.962
5.962
6.802
6.802
6.802
6.802
6.802
6.802
6.977
6.977
6.977
6.977
6.977
7.122
7.122
7.122
7.122
7.122
7.122
7.786
7.786
7.786
7.786
7.786
6.729
6.729
6.729
6.729
6.729
7.718
7.718
7.718
7.718
7.718
7.718
9.557
9.557
9.557
9.557
9.557
8.332
8.332
8.332
8.332
8.332
8.332
9.596
9.596
9.596
9.596
9.596
8.248
8.248
8.248
8.248
8.248
8.248
8.042
8.042
8.042
8.042
8.042
8.092
8.092
8.092
8.092
8.092
7.630
7.630
7.630
7.630
7.630
7.630
7.359
7.359
7.359
7.359
7.359
7.622
7.622
7.622
7.622
7.622
7.622
7.065
7.065
7.065
7.065
7.065
7.176
7.176
7.176
7.176
7.176
7.176
6.599
6.599
6.599
6.599
6.599
6.275
6.275
6.275
6.275
6.275
6.596
6.596
6.596
6.596
6.596
6.706
6.706
6.706
6.706
6.706
6.031
6.031
6.031
6.420
6.420
6.420
6.420
6.420
6.420
6.443
6.443
6.443
6.443
6.443
6.443
5.409
5.409
5.409
5.409
5.409
5.786
5.786
5.786
5.786
5.786
5.786
6.031
6.031
6.031
6.031
6.031
6.031
5.363
5.363
5.363
5.363
5.363
5.405
5.405
5.405
5.405
5.405
5.405
5.382
5.382
5.382
5.382
5.382
5.382
5.088
5.088
5.088
5.088
5.088
5.088
5.347
5.347
5.347
5.347
5.347
5.542
5.542
5.542
5.542
5.542
5.542
5.199
5.199
5.199
5.199
5.199
5.344
5.344
5.344
5.344
5.344
5.344
5.328
5.328
5.328
5.328
5.328
5.328
5.153
5.153
5.153
5.153
5.153
5.050
5.050
5.050
5.050
5.050
5.050
5.229
5.229
5.229
5.229
5.229
5.248
5.248
5.248
5.248
5.248
5.248
5.325
5.325
5.325
5.325
5.325
5.080
5.080
5.080
5.080
5.080
5.229
5.229
5.229
5.229
5.229
5.229
5.534
5.534
5.534
5.534
5.534
5.405
5.405
5.405
5.405
5.405
5.405
5.317
5.317
5.317
5.317
5.317
5.878
5.878
5.878
5.878
5.878
5.878
6.061
6.061
6.061
6.061
6.061
5.786
5.786
5.786
5.786
5.786
5.954
5.954
5.954
5.954
5.954
5.954
6.828
6.828
6.828
6.828
6.828
6.996
6.996
6.996
6.996
6.996
7.019
7.019
7.019
7.019
7.019
7.019
7.256
7.256
7.256
7.256
7.256
7.256
8.325
8.325
8.325
8.325
8.325
9.577
9.577
9.577
9.577
9.577
9.577
9.931
9.931
9.931
9.931
9.931
8.416
8.416
8.416
8.416
8.416
8.447
8.447
8.447
8.447
8.447
8.447
7.741
7.741
7.741
7.741
7.741
7.970
7.970
7.970
7.970
7.970
7.970
8.122
8.122
8.122
8.122
8.122
7.260
7.260
7.260
7.260
7.260
7.260
7.428
7.428
7.428
7.428
7.428
7.638
7.638
7.638
7.638
7.638
6.687
6.687
6.687
6.687
6.687
6.687
7.134
7.134
7.134
7.134
7.134
7.443
7.443
7.443
7.443
7.443
7.443
6.470
6.470
6.470
6.470
6.470
6.454
6.454
6.454
6.454
6.454
6.454
5.985
5.985
5.985
5.985
5.985
5.596
5.596
5.596
5.596
5.596
6.229
6.229
6.229
6.229
6.229
6.229
5.924
5.924
5.924
5.924
5.924
5.263
5.263
5.263
5.263
5.263
5.263
5.687
5.687
5.687
5.687
5.573
5.573
5.573
5.573
5.080
5.080
5.080
5.080
5.080
5.080
5.141
5.141
5.141
5.141
5.141
5.141
5.401
5.401
5.401
5.401
5.401
5.202
5.202
5.202
5.202
5.202
5.202
4.741
4.741
4.741
4.741
4.741
4.741
5.000
5.000
5.000
5.000
5.000
5.000
5.172
5.172
5.172
5.172
5.172
4.844
4.844
4.844
4.844
4.844
4.844
4.840
4.840
4.840
4.840
4.840
4.840
4.882
4.882
4.882
4.882
4.882
5.023
5.023
5.023
5.023
5.023
4.737
4.737
4.737
4.737
4.737
4.737
4.912
4.912
4.912
4.912
4.912
4.809
4.809
4.809
4.809
4.809
4.809
5.149
5.149
5.149
5.149
5.149
4.737
4.737
4.737
4.737
4.737
4.737
4.985
4.985
4.985
4.985
4.985
5.157
5.157
5.157
5.157
5.157
4.893
4.893
4.893
4.893
4.893
4.893
5.424
5.424
5.424
5.424
5.424
5.588
5.588
5.588
5.588
5.588
5.588
4.973
4.973
4.973
4.973
4.973
5.626
5.626
5.626
5.626
5.626
5.626
5.744
5.744
5.744
5.744
5.744
5.309
5.309
5.309
5.309
5.309
5.752
5.752
5.752
5.752
5.752
5.752
6.615
6.615
6.615
6.615
6.615
6.088
6.088
6.088
6.088
6.088
6.702
6.702
6.702
6.702
7.084
7.084
7.084
7.084
7.084
7.084
7.546
7.546
7.546
7.546
7.546
8.470
8.470
8.470
8.470
8.470
8.405
8.405
8.405
8.405
8.405
7.531
7.531
7.531
7.531
7.531
7.531
7.340
7.340
7.340
7.340
7.340
7.340
7.183
7.183
7.183
7.183
7.183
7.393
7.393
7.393
7.393
7.393
7.393
7.222
7.222
7.222
7.222
7.222
6.367
6.367
6.367
6.367
6.367
6.367
7.222
7.222
7.222
7.222
7.222
7.222
6.153
6.153
6.153
6.153
6.153
6.153
6.126
6.126
6.126
6.126
6.126
6.389
6.389
6.389
6.389
6.389
6.389
6.080
6.080
6.080
6.080
6.080
6.080
6.237
6.237
6.237
6.237
6.237
5.260
5.260
5.260
5.260
5.702
5.702
5.702
5.702
5.702
5.626
5.626
5.626
5.626
5.626
5.626
5.370
5.370
5.370
5.370
5.370
5.370
4.970
4.970
4.970
4.970
4.970
5.550
5.550
5.550
5.550
5.550
5.241
5.241
5.241
5.241
5.241
4.882
4.882
4.882
4.882
4.882
4.882
4.981
4.981
4.981
4.981
4.981
4.981
5.084
5.084
5.084
5.084
5.084
5.084
4.825
4.825
4.825
4.825
4.825
4.882
4.882
4.882
4.882
4.882
4.882
4.867
4.867
4.867
4.867
4.867
4.867
5.065
5.065
5.065
5.065
5.065
4.855
4.855
4.855
4.855
4.855
4.855
5.111
5.111
5.111
5.111
5.111
4.916
4.916
4.916
4.916
4.916
4.931
4.931
4.931
4.931
4.931
4.931
5.241
5.241
5.241
5.241
5.241
5.668
5.668
5.668
5.668
5.668
5.668
5.580
5.580
5.580
5.580
5.580
5.031
5.031
5.031
5.031
5.031
5.031
5.847
5.847
5.847
5.847
5.847
5.737
5.737
5.737
5.737
5.737
5.737
5.202
5.202
5.202
5.202
5.202
6.008
6.008
6.008
6.008
6.008
6.546
6.546
6.546
6.546
6.546
6.546
6.271
6.271
6.271
6.271
6.271
6.714
6.714
6.714
6.714
6.714
6.714
7.668
7.668
7.668
7.668
7.668
7.454
7.454
7.454
7.454
7.454
7.454
8.508
8.508
8.508
8.508
8.508
8.435
8.435
8.435
8.435
8.435
7.622
7.622
7.622
7.622
7.622
7.622
7.649
7.649
7.649
7.649
7.649
6.954
6.954
6.954
6.954
6.954
6.954
7.996
7.996
7.996
7.996
7.996
6.557
6.557
6.557
6.557
6.557
6.557
6.355
6.355
6.355
6.355
6.355
7.034
7.034
7.034
7.034
7.034
6.550
6.550
6.550
6.550
6.550
6.550
6.107
6.107
6.107
6.107
6.107
6.477
6.477
6.477
6.477
6.477
5.916
5.916
5.916
5.916
5.916
5.916
5.763
5.763
5.763
5.763
5.763
5.763
6.034
6.034
6.034
6.034
6.034
5.599
5.599
5.599
5.599
5.599
5.599
5.756
5.756
5.756
5.756
5.756
5.508
5.508
5.508
5.508
5.508
5.164
5.164
5.164
5.164
5.118
5.118
5.118
5.118
5.118
5.118
5.118
5.428
4.958
4.958
4.958
4.958
4.958
4.958
4.958
4.958
4.958
4.615
4.615
4.615
4.615
4.615
4.615
4.912
4.912
4.912
4.912
4.912
4.912
4.886
4.886
4.920
4.920
4.920
4.920
4.920
4.920
4.920
4.741
4.741
4.741
4.741
4.741
4.741
4.741
5.111
5.111
5.111
5.111
5.111
5.111
5.034
5.034
4.977
4.977
4.977
4.977
4.977
4.977
4.977
4.977
4.825
4.825
4.825
4.825
4.825
4.825
4.859
5.126
5.126
5.126
5.126
5.126
5.126
5.126
5.126
5.325
5.325
5.325
5.325
5.325
5.325
5.325
5.481
5.481
5.481
5.481
5.481
5.481
5.481
5.481
5.481
5.985
5.985
5.985
5.985
5.985
5.985
5.985
5.985
5.225
5.225
5.622
5.622
5.622
5.622
5.622
5.622
5.622
5.622
6.076
6.076
6.076
6.076
6.076
6.076
5.805
5.805
5.805
5.805
5.805
5.889
5.889
5.889
5.889
5.889
5.889
6.470
6.470
6.470
6.470
6.470
6.409
6.409
6.409
6.409
6.409
6.409
7.149
7.149
7.149
7.149
7.149
7.993
7.993
7.993
7.993
7.993
7.993
7.065
7.065
7.065
7.065
7.065
7.027
7.027
7.027
7.027
7.027
6.317
6.317
6.317
6.317
6.317
6.317
6.554
6.554
6.554
6.554
6.554
6.889
6.889
6.889
6.889
6.889
6.889
5.931
5.931
5.931
5.931
5.931
6.706
6.706
6.706
6.706
6.706
6.706
5.970
5.970
5.970
5.970
5.970
5.580
5.580
5.580
5.580
5.580
5.817
5.817
5.817
5.817
5.817
5.817
5.931
5.931
5.931
5.931
5.931
5.447
5.447
5.447
5.447
5.447
5.447
5.737
5.737
5.737
5.737
5.737
5.355
5.355
5.355
5.355
5.355
5.355
4.943
4.943
4.943
4.943
4.943
5.454
5.454
5.454
5.454
5.454
5.267
5.267
5.267
5.267
5.267
5.267
4.657
4.657
4.657
4.657
4.657
4.889
4.889
4.889
4.889
4.889
4.889
4.950
4.950
4.950
4.950
4.950
4.699
4.699
4.699
4.699
4.699
4.699
5.145
5.145
5.145
5.145
5.145
5.206
5.206
5.206
5.206
5.206
4.771
4.771
4.771
4.771
4.771
4.771
5.008
5.008
5.008
5.008
5.008
5.244
5.244
5.244
5.244
5.244
5.244
4.714
4.714
4.714
4.714
4.714
5.061
5.061
5.061
5.061
5.061
5.061
5.092
5.092
5.092
5.092
4.809
4.809
4.809
4.809
4.809
4.809
4.943
4.943
4.943
4.943
4.943
4.943
5.409
5.409
5.409
5.409
5.409
5.233
5.233
5.233
5.233
5.233
5.233
5.164
5.164
5.164
5.164
5.164
5.252
5.252
5.252
5.252
5.252
5.252
5.569
5.569
5.569
5.569
5.569
5.279
5.279
5.279
5.279
5.279
5.279
5.695
5.695
5.695
5.695
5.695
6.191
6.191
6.191
6.191
6.191
6.592
6.592
6.592
6.592
6.592
6.592
6.836
6.836
6.836
6.836
6.836
6.069
6.069
6.069
6.069
6.069
7.775
7.775
7.775
7.775
7.775
7.775
7.935
7.935
